A-1 1 507
508
A-1 1 595
596
A-1 1 997
998
A-1 1 697
698
A-1 1 86
87
A-1 1 454
455
A-1 1 933
934
A-1 1 176
177
A-1 1 943
944
A-1 1 415
416
A-1 1 970
971
A-1 1 739
740
A-1 1 111
112
A-1 1 120
121
A-1 1 438
439
A-1 1 517
518
A-1 1 964
965
A-1 1 188
189
A-1 1 173
174
A-1 1 287
288
A-1 1 222
223
A-1 1 491
492
A-1 1 178
179
A-1 1 596
597
A-1 1 687
688
A-1 1 671
672
A-1 1 522
523
A-1 1 410
411
A-1 1 792
793
A-1 1 944
945
A-1 1 78
79
A-1 1 410
411
A-1 1 716
717
A-1 1 104
105
A-1 1 272
273
A-1 1 68
69
A-1 1 603
604
A-1 1 880
881
A-1 1 404
405
A-1 1 926
927
A-1 1 67
68
A-1 1 17
18
A-1 1 755
756
A-1 1 794
795
A-1 1 112
113
A-1 1 617
618
A-1 1 721
722
A-1 1 761
762
A-1 1 142
143
A-1 1 419
420
A-1 1 9
10
A-1 1 35
36
A-1 1 479
480
A-1 1 367
368
A-1 1 735
736
A-1 1 402
403
A-1 1 747
748
A-1 1 334
335
A-1 1 763
764
A-1 1 838
839
A-1 1 419
420
A-1 1 81
82
A-1 1 342
343
A-1 1 461
462
A-1 1 95
96
A-1 1 488
489
A-1 1 785
786
A-1 1 441
442
A-1 1 960
961
A-1 1 223
224
A-1 1 207
208
A-1 1 250
251
A-1 1 691
692
A-1 1 262
263
A-1 1 553
554
A-1 1 229
230
A-1 1 988
989
A-1 1 279
280
A-1 1 268
269
A-1 1 285
286
A-1 1 682
683
A-1 1 275
276
A-1 1 702
703
A-1 1 258
259
A-1 1 725
726
A-1 1 116
117
A-1 1 676
677
A-1 1 108
109
A-1 1 669
670
A-1 1 251
252
A-1 1 869
870
A-1 1 409
410
A-1 1 448
449
A-1 1 366
367
A-1 1 621
622
A-1 1 403
404
A-1 1 690
691
A-1 1 269
270
A-1 1 494
495
A-1 1 499
500
A-2 2 959
961
A-2 2 112
114
A-2 2 839
841
A-2 2 860
862
A-2 2 97
99
A-2 2 206
208
A-2 2 302
304
A-2 2 575
577
A-2 2 699
701
A-2 2 714
716
A-2 2 541
543
A-2 2 114
116
A-2 2 150
152
A-2 2 140
142
A-2 2 626
628
A-2 2 233
235
A-2 2 300
302
A-2 2 145
147
A-2 2 917
919
A-2 2 802
804
A-2 2 123
125
A-2 2 609
611
A-2 2 660
662
A-2 2 478
480
A-2 2 301
303
A-2 2 430
432
A-2 2 806
808
A-2 2 506
508
A-2 2 793
795
A-2 2 80
82
A-2 2 178
180
A-2 2 32
34
A-2 2 884
886
A-2 2 896
898
A-2 1
3
A-2 2 318
320
A-2 2 993
995
A-2 2 242
244
A-2 2 255
257
A-2 2 136
138
A-2 2 554
556
A-2 2 8
10
A-2 2 525
527
A-2 2 807
809
A-2 2 905
907
A-2 2 405
407
A-2 2 590
592
A-2 2 77
79
A-2 2 649
651
A-2 2 289
291
A-2 2 991
993
A-2 2 398
400
A-2 2 283
285
A-2 2 236
238
A-2 2 360
362
A-2 2 203
205
A-2 2 133
135
A-2 2 551
553
A-2 2 365
367
A-2 2 788
790
A-2 2 259
261
A-2 2 304
306
A-2 2 879
881
A-2 2 440
442
A-2 2 781
783
A-2 2 159
161
A-2 2 952
954
A-2 2 886
888
A-2 2 492
494
A-2 2 150
152
A-2 2 999
1001
A-2 2 377
379
A-2 2 813
815
A-2 2 475
477
A-2 2 465
467
A-2 2 846
848
A-2 2 477
479
A-2 2 532
534
A-2 2 338
340
A-2 2 481
483
A-2 2 542
544
A-2 2 323
325
A-2 2 64
66
A-2 2 799
801
A-2 2 166
168
A-2 2 823
825
A-2 2 622
624
A-2 2 309
311
A-2 2 539
541
A-2 2 565
567
A-2 2 591
593
A-2 2 674
676
A-2 2 269
271
A-2 2 951
953
A-2 2 332
334
A-2 2 668
670
A-2 2 700
702
A-2 2 819
821
A-2 2 200
202
A-2 2 843
845
A-3 3 982
985
A-3 3 602
605
A-3 3 130
133
A-3 3 616
619
A-3 3 520
523
A-3 3 277
280
A-3 3 149
152
A-3 3 895
898
A-3 3 819
822
A-3 3 832
835
A-3 3 709
712
A-3 3 681
684
A-3 3 607
610
A-3 3 364
367
A-3 3 519
522
A-3 3 207
210
A-3 3 532
535
A-3 3 908
911
A-3 3 985
988
A-3 3 223
226
A-3 3 841
844
A-3 3 799
802
A-3 3 485
488
A-3 3 386
389
A-3 3 198
201
A-3 3 54
57
A-3 3 276
279
A-3 3 763
766
A-3 3 483
486
A-3 3 656
659
A-3 3 290
293
A-3 3 939
942
A-3 3 893
896
A-3 3 615
618
A-3 3 911
914
A-3 3 383
386
A-3 3 828
831
A-3 3 404
407
A-3 3 771
774
A-3 3 742
745
A-3 3 913
916
A-3 3 184
187
A-3 3 831
834
A-3 3 504
507
A-3 3 254
257
A-3 3 401
404
A-3 3 41
44
A-3 3 436
439
A-3 3 551
554
A-3 3 388
391
A-3 3 767
770
A-3 3 743
746
A-3 3 315
318
A-3 3 867
870
A-3 3 216
219
A-3 3 279
282
A-3 3 454
457
A-3 3 960
963
A-3 3 366
369
A-3 3 370
373
A-3 3 528
531
A-3 3 837
840
A-3 3 424
427
A-3 3 37
40
A-3 3 84
87
A-3 3 419
422
A-3 3 606
609
A-3 3 587
590
A-3 3 998
1001
A-3 3 731
734
A-3 3 246
249
A-3 3 613
616
A-3 3 88
91
A-3 3 946
949
A-3 3 403
406
A-3 3 567
570
A-3 3 531
534
A-3 3 561
564
A-3 3 88
91
A-3 3 976
979
A-3 3 655
658
A-3 3 297
300
A-3 3 689
692
A-3 3 345
348
A-3 3 841
844
A-3 3 937
940
A-3 3 882
885
A-3 3 734
737
A-3 3 538
541
A-3 3 995
998
A-3 3 628
631
A-3 3 762
765
A-3 3 170
173
A-3 3 910
913
A-3 3 388
391
A-3 3 429
432
A-3 3 569
572
A-3 3 219
222
A-3 3 482
485
A-3 3 503
506
A-4 4 478
482
A-4 4 772
776
A-4 4 633
637
A-4 4 945
949
A-4 4 873
877
A-4 4 257
261
A-4 4 363
367
A-4 4 259
263
A-4 4 48
52
A-4 4 498
502
A-4 4 241
245
A-4 4 350
354
A-4 4 581
585
A-4 4 752
756
A-4 4 682
686
A-4 4 655
659
A-4 4 431
435
A-4 4 315
319
A-4 4 622
626
A-4 4 863
867
A-4 4 480
484
A-4 4 596
600
A-4 4 431
435
A-4 4 345
349
A-4 4 432
436
A-4 4 932
936
A-4 4 803
807
A-4 4 856
860
A-4 4 726
730
A-4 4 795
799
A-4 4 176
180
A-4 4 270
274
A-4 4 738
742
A-4 4 336
340
A-4 4 449
453
A-4 4 898
902
A-4 4 251
255
A-4 4 665
669
A-4 4 202
206
A-4 4 852
856
A-4 4 254
258
A-4 4 375
379
A-4 4 665
669
A-4 4 472
476
A-4 4 648
652
A-4 4 82
86
A-4 4 717
721
A-4 4 437
441
A-4 4 859
863
A-4 4 682
686
A-4 4 639
643
A-4 4 386
390
A-4 4 525
529
A-4 4 10
14
A-4 4 286
290
A-4 4 28
32
A-4 4 705
709
A-4 4 202
206
A-4 4 719
723
A-4 4 829
833
A-4 4 610
614
A-4 4 551
555
A-4 4 306
310
A-4 4 228
232
A-4 4 273
277
A-4 4 815
819
A-4 4 272
276
A-4 4 45
49
A-4 4 871
875
A-4 4 239
243
A-4 4 494
498
A-4 4 122
126
A-4 4 249
253
A-4 4 680
684
A-4 4 55
59
A-4 4 287
291
A-4 4 186
190
A-4 4 485
489
A-4 4 587
591
A-4 4 281
285
A-4 4 763
767
A-4 4 673
677
A-4 4 923
927
A-4 4 388
392
A-4 4 697
701
A-4 4 933
937
A-4 4 820
824
A-4 4 579
583
A-4 4 282
286
A-4 4 423
427
A-4 4 271
275
A-4 4 292
296
A-4 4 127
131
A-4 4 962
966
A-4 4 131
135
A-4 4 480
484
A-4 4 818
822
A-4 4 277
281
A-4 4 531
535
A-4 4 500
504
A-5 5 477
482
A-5 5 724
729
A-5 5 515
520
A-5 5 838
843
A-5 5 271
276
A-5 5 208
213
A-5 5 671
676
A-5 5 682
687
A-5 5 584
589
A-5 5 549
554
A-5 5 564
569
A-5 5 924
929
A-5 5 61
66
A-5 5 481
486
A-5 5 84
89
A-5 5 295
300
A-5 5 419
424
A-5 5 785
790
A-5 5 728
733
A-5 5 74
79
A-5 5 231
236
A-5 5 901
906
A-5 5 905
910
A-5 5 216
221
A-5 5 338
343
A-5 5 196
201
A-5 5 853
858
A-5 5 802
807
A-5 5 222
227
A-5 5 185
190
A-5 5 370
375
A-5 5 125
130
A-5 5 14
19
A-5 5 315
320
A-5 5 693
698
A-5 5 216
221
A-5 5 414
419
A-5 5 30
35
A-5 5 453
458
A-5 5 46
51
A-5 5 855
860
A-5 5 830
835
A-5 5 228
233
A-5 5 760
765
A-5 5 701
706
A-5 5 451
456
A-5 5 570
575
A-5 5 417
422
A-5 5 823
828
A-5 5 176
181
A-5 5 896
901
A-5 5 505
510
A-5 5 490
495
A-5 5 542
547
A-5 5 383
388
A-5 5 376
381
A-5 5 469
474
A-5 5 464
469
A-5 5 45
50
A-5 5 498
503
A-5 5 835
840
A-5 5 109
114
A-5 5 413
418
A-5 5 833
838
A-5 5 844
849
A-5 5 73
78
A-5 5 698
703
A-5 5 166
171
A-5 5 197
202
A-5 5 647
652
A-5 5 933
938
A-5 5 429
434
A-5 5 71
76
A-5 5 648
653
A-5 5 293
298
A-5 5 848
853
A-5 5 289
294
A-5 5 659
664
A-5 5 364
369
A-5 5 340
345
A-5 5 698
703
A-5 5 249
254
A-5 5 685
690
A-5 5 332
337
A-5 5 912
917
A-5 5 513
518
A-5 5 188
193
A-5 5 58
63
A-5 5 568
573
A-5 5 508
513
A-5 5 820
825
A-5 5 859
864
A-5 5 818
823
A-5 5 633
638
A-5 5 597
602
A-5 5 82
87
A-5 5 333
338
A-5 5 316
321
A-5 5 692
697
A-5 5 544
549
A-6 6 866
872
A-6 6 854
860
A-6 6 555
561
A-6 6 873
879
A-6 6 685
691
A-6 6 432
438
A-6 6 26
32
A-6 6 109
115
A-6 6 557
563
A-6 6 933
939
A-6 6 376
382
A-6 6 372
378
A-6 6 370
376
A-6 6 779
785
A-6 6 337
343
A-6 6 29
35
A-6 6 561
567
A-6 6 185
191
A-6 6 470
476
A-6 6 802
808
A-6 6 149
155
A-6 6 520
526
A-6 6 433
439
A-6 6 607
613
A-6 6 981
987
A-6 6 925
931
A-6 6 640
646
A-6 6 522
528
A-6 6 740
746
A-6 6 376
382
A-6 6 214
220
A-6 6 175
181
A-6 6 891
897
A-6 6 681
687
A-6 6 645
651
A-6 6 544
550
A-6 6 127
133
A-6 6 440
446
A-6 6 299
305
A-6 6 291
297
A-6 6 530
536
A-6 6 800
806
A-6 6 411
417
A-6 6 323
329
A-6 6 883
889
A-6 6 48
54
A-6 6 382
388
A-6 6 890
896
A-6 6 763
769
A-6 6 7
13
A-6 6 620
626
A-6 6 778
784
A-6 6 495
501
A-6 6 143
149
A-6 6 101
107
A-6 6 18
24
A-6 6 268
274
A-6 6 390
396
A-6 6 944
950
A-6 6 176
182
A-6 6 988
994
A-6 6 883
889
A-6 6 104
110
A-6 6 920
926
A-6 6 149
155
A-6 6 380
386
A-6 6 845
851
A-6 6 118
124
A-6 6 248
254
A-6 6 166
172
A-6 6 397
403
A-6 6 201
207
A-6 6 645
651
A-6 6 984
990
A-6 6 161
167
A-6 6 802
808
A-6 6 927
933
A-6 6 932
938
A-6 6 509
515
A-6 6 208
214
A-6 6 448
454
A-6 6 463
469
A-6 6 274
280
A-6 6 946
952
A-6 6 529
535
A-6 6 245
251
A-6 6 588
594
A-6 6 347
353
A-6 6 724
730
A-6 6 693
699
A-6 6 766
772
A-6 6 152
158
A-6 6 716
722
A-6 6 23
29
A-6 6 369
375
A-6 6 677
683
A-6 6 363
369
A-6 6 511
517
A-6 6 542
548
A-6 6 427
433
A-7 7 548
555
A-7 7 800
807
A-7 7 211
218
A-7 7 877
884
A-7 7 52
59
A-7 7 729
736
A-7 7 312
319
A-7 7 129
136
A-7 7 217
224
A-7 7 109
116
A-7 7 947
954
A-7 7 996
1003
A-7 7 800
807
A-7 7 580
587
A-7 7 872
879
A-7 7 777
784
A-7 7 440
447
A-7 7 460
467
A-7 7 488
495
A-7 7 350
357
A-7 7 100
107
A-7 7 374
381
A-7 7 261
268
A-7 7 667
674
A-7 7 178
185
A-7 7 577
584
A-7 7 541
548
A-7 7 193
200
A-7 7 632
639
A-7 7 447
454
A-7 7 524
531
A-7 7 506
513
A-7 7 419
426
A-7 7 290
297
A-7 7 234
241
A-7 7 387
394
A-7 7 251
258
A-7 7 49
56
A-7 7 730
737
A-7 7 950
957
A-7 7 577
584
A-7 7 787
794
A-7 7 286
293
A-7 7 77
84
A-7 7 913
920
A-7 7 322
329
A-7 7 92
99
A-7 7 340
347
A-7 7 83
90
A-7 7 589
596
A-7 7 240
247
A-7 7 279
286
A-7 7 444
451
A-7 7 824
831
A-7 7 288
295
A-7 7 451
458
A-7 7 621
628
A-7 7 481
488
A-7 7 710
717
A-7 7 656
663
A-7 7 301
308
A-7 7 111
118
A-7 7 717
724
A-7 7 655
662
A-7 7 641
648
A-7 7 170
177
A-7 7 484
491
A-7 7 70
77
A-7 7 418
425
A-7 7 994
1001
A-7 7 733
740
A-7 7 483
490
A-7 7 331
338
A-7 7 75
82
A-7 7 715
722
A-7 7 696
703
A-7 7 892
899
A-7 7 119
126
A-7 7 460
467
A-7 7 688
695
A-7 7 776
783
A-7 7 875
882
A-7 7 402
409
A-7 7 309
316
A-7 7 715
722
A-7 7 719
726
A-7 7 212
219
A-7 7 324
331
A-7 7 136
143
A-7 7 437
444
A-7 7 671
678
A-7 7 388
395
A-7 7 901
908
A-7 7 566
573
A-7 7 13
20
A-7 7 609
616
A-7 7 189
196
A-7 7 310
317
A-7 7 869
876
A-7 7 584
591
A-8 8 311
319
A-8 8 710
718
A-8 8 261
269
A-8 8 681
689
A-8 5
13
A-8 8 378
386
A-8 8 382
390
A-8 8 606
614
A-8 8 39
47
A-8 8 172
180
A-8 8 337
345
A-8 8 367
375
A-8 8 801
809
A-8 8 224
232
A-8 8 500
508
A-8 8 337
345
A-8 8 104
112
A-8 8 449
457
A-8 8 203
211
A-8 8 553
561
A-8 8 829
837
A-8 8 376
384
A-8 8 337
345
A-8 8 714
722
A-8 8 711
719
A-8 8 527
535
A-8 8 271
279
A-8 8 360
368
A-8 8 164
172
A-8 8 271
279
A-8 8 676
684
A-8 8 537
545
A-8 8 780
788
A-8 8 118
126
A-8 8 870
878
A-8 8 430
438
A-8 8 789
797
A-8 8 345
353
A-8 8 748
756
A-8 8 849
857
A-8 8 792
800
A-8 8 289
297
A-8 8 658
666
A-8 8 151
159
A-8 8 540
548
A-8 8 234
242
A-8 8 727
735
A-8 8 728
736
A-8 8 119
127
A-8 8 179
187
A-8 8 416
424
A-8 8 977
985
A-8 8 99
107
A-8 8 98
106
A-8 8 10
18
A-8 8 665
673
A-8 8 552
560
A-8 8 9
17
A-8 8 549
557
A-8 8 206
214
A-8 8 571
579
A-8 8 545
553
A-8 8 320
328
A-8 8 434
442
A-8 8 59
67
A-8 8 664
672
A-8 8 342
350
A-8 8 134
142
A-8 8 689
697
A-8 8 977
985
A-8 8 703
711
A-8 8 846
854
A-8 8 196
204
A-8 8 925
933
A-8 8 788
796
A-8 8 184
192
A-8 8 714
722
A-8 8 599
607
A-8 8 579
587
A-8 8 84
92
A-8 8 72
80
A-8 8 671
679
A-8 8 434
442
A-8 8 858
866
A-8 8 938
946
A-8 8 874
882
A-8 8 750
758
A-8 8 39
47
A-8 8 292
300
A-8 8 938
946
A-8 8 455
463
A-8 8 706
714
A-8 8 304
312
A-8 8 11
19
A-8 8 442
450
A-8 8 210
218
A-8 8 849
857
A-8 8 528
536
A-8 8 637
645
A-8 8 301
309
A-9 9 579
588
A-9 9 63
72
A-9 9 92
101
A-9 9 808
817
A-9 9 925
934
A-9 9 165
174
A-9 9 196
205
A-9 9 507
516
A-9 9 219
228
A-9 9 604
613
A-9 9 643
652
A-9 9 332
341
A-9 9 413
422
A-9 9 389
398
A-9 9 268
277
A-9 9 643
652
A-9 9 812
821
A-9 9 905
914
A-9 9 678
687
A-9 9 824
833
A-9 9 595
604
A-9 9 197
206
A-9 9 11
20
A-9 9 481
490
A-9 9 291
300
A-9 9 453
462
A-9 9 663
672
A-9 9 30
39
A-9 9 824
833
A-9 9 572
581
A-9 9 803
812
A-9 9 391
400
A-9 9 11
20
A-9 9 80
89
A-9 9 410
419
A-9 9 495
504
A-9 9 409
418
A-9 9 712
721
A-9 9 879
888
A-9 9 412
421
A-9 9 650
659
A-9 9 489
498
A-9 9 356
365
A-9 9 968
977
A-9 9 514
523
A-9 9 524
533
A-9 9 244
253
A-9 9 879
888
A-9 9 183
192
A-9 9 339
348
A-9 9 165
174
A-9 9 740
749
A-9 9 953
962
A-9 9 299
308
A-9 9 263
272
A-9 9 442
451
A-9 9 547
556
A-9 9 434
443
A-9 9 910
919
A-9 8
17
A-9 9 563
572
A-9 9 629
638
A-9 9 425
434
A-9 9 500
509
A-9 9 271
280
A-9 9 185
194
A-9 9 113
122
A-9 9 796
805
A-9 9 158
167
A-9 9 911
920
A-9 9 236
245
A-9 9 682
691
A-9 9 682
691
A-9 9 605
614
A-9 9 351
360
A-9 9 449
458
A-9 9 874
883
A-9 9 484
493
A-9 9 166
175
A-9 9 923
932
A-9 9 713
722
A-9 9 918
927
A-9 9 615
624
A-9 9 154
163
A-9 9 542
551
A-9 9 451
460
A-9 9 849
858
A-9 9 61
70
A-9 9 667
676
A-9 9 782
791
A-9 9 191
200
A-9 9 359
368
A-9 9 301
310
A-9 9 456
465
A-9 9 1000
1009
A-9 9 752
761
A-9 9 819
828
A-9 9 811
820
A-9 9 388
397
A-9 9 797
806
A-10 10 499
509
A-10 10 130
140
A-10 10 299
309
A-10 10 373
383
A-10 10 632
642
A-10 10 255
265
A-10 10 568
578
A-10 10 668
678
A-10 10 499
509
A-10 10 281
291
A-10 10 979
989
A-10 10 684
694
A-10 10 183
193
A-10 10 274
284
A-10 10 378
388
A-10 10 832
842
A-10 10 203
213
A-10 10 535
545
A-10 10 313
323
A-10 10 733
743
A-10 10 104
114
A-10 10 161
171
A-10 10 323
333
A-10 10 151
161
A-10 10 382
392
A-10 10 740
750
A-10 10 361
371
A-10 10 637
647
A-10 10 775
785
A-10 10 540
550
A-10 7
17
A-10 10 279
289
A-10 10 561
571
A-10 10 931
941
A-10 10 53
63
A-10 10 232
242
A-10 10 400
410
A-10 10 415
425
A-10 10 303
313
A-10 10 51
61
A-10 10 253
263
A-10 10 455
465
A-10 10 391
401
A-10 10 86
96
A-10 10 590
600
A-10 10 800
810
A-10 10 968
978
A-10 10 960
970
A-10 10 384
394
A-10 10 913
923
A-10 10 748
758
A-10 10 831
841
A-10 10 794
804
A-10 10 549
559
A-10 10 515
525
A-10 10 794
804
A-10 10 594
604
A-10 10 645
655
A-10 10 936
946
A-10 10 321
331
A-10 10 883
893
A-10 10 556
566
A-10 10 742
752
A-10 10 930
940
A-10 10 924
934
A-10 10 372
382
A-10 10 231
241
A-10 1
11
A-10 10 61
71
A-10 10 703
713
A-10 10 804
814
A-10 10 12
22
A-10 10 319
329
A-10 10 790
800
A-10 10 80
90
A-10 10 154
164
A-10 10 430
440
A-10 10 484
494
A-10 10 975
985
A-10 10 933
943
A-10 10 684
694
A-10 10 639
649
A-10 10 433
443
A-10 10 807
817
A-10 7
17
A-10 10 887
897
A-10 10 149
159
A-10 10 914
924
A-10 10 175
185
A-10 10 54
64
A-10 10 525
535
A-10 10 545
555
A-10 10 126
136
A-10 10 984
994
A-10 10 361
371
A-10 10 460
470
A-10 10 376
386
A-10 10 461
471
All Busy
All Busy